281 778 327 714
327 714 207 659
207 659 0 0
327 714 524 710
524 710 529 747
529 747 597 660
597 660 636 584
529 747 640 753
640 753 720 858
720 858 664 887
664 887 590 895
590 895 578 961
578 961 654 1005
654 1005 729 953
654 1005 640 1118
640 1118 763 1136
763 1136 829 1171
763 1136 572 1248
572 1248 407 1272
407 1272 300 1429
300 1429 0 1999
572 1248 226 1175
720 858 809 860
809 860 856 856
809 860 782 906
809 860 833 784
833 784 877 737
877 737 949 763
949 763 1052 815
1052 815 998 821
1052 815 1146 827
877 737 784 687
784 687 844 630
844 630 963 589
963 589 1037 601
1037 601 1097 659
1097 659 1070 700
1037 601 1046 508
1046 508 1109 514
1109 514 1196 467
1196 467 1173 416
1173 416 1165 356
1165 356 1089 331
1089 331 1099 298
1099 298 1155 275
1196 467 1219 527
1219 527 1190 566
1219 527 1270 626
1270 626 1215 626
1215 626 1215 693
1215 693 1301 774
1301 774 1243 862
1243 862 1112 1027
1301 774 1482 693
1219 527 1330 512
1330 512 1379 471
1379 471 1404 518
1404 518 1429 551
1429 551 1425 589
1404 518 1468 535
1468 535 1524 498
1379 471 1451 467
1451 467 1455 434
1455 434 1509 426
1509 426 1581 413
1581 413 1632 420
1632 420 1711 454
1711 454 1800 471
1800 471 1828 469
1828 469 1886 471
1828 469 1851 524
1851 524 1894 597
1894 597 1907 609
1907 609 1985 593
1985 593 2022 683
2022 683 2114 704
2114 704 2184 767
2184 767 2261 852
2184 767 2287 716
2114 704 2014 735
2014 735 1931 776
1931 776 1880 776
1880 776 1867 815
1867 815 1832 737
1867 815 1727 1005
1727 1005 1536 1017
1536 1017 1416 1043
1536 1017 1616 817
1880 776 1851 729
1851 729 1785 689
1785 689 1767 632
1767 632 1731 619
1731 619 1674 576
1674 576 1614 560
1614 560 1554 599
2014 735 2086 815
2086 815 2028 949
2028 949 2106 961
2106 961 2526 1999
2022 683 1919 683
1919 683 1974 660
1919 683 1830 656
2022 683 2133 615
1985 593 2176 557
1828 469 1871 409
1871 409 1849 366
1849 366 1775 360
1775 360 1756 331
1756 331 1828 323
1828 323 1890 314
1890 314 1977 331
1977 331 2032 281
2032 281 2010 218
2010 218 2526 0
1977 331 1945 261
1945 261 1911 207
1911 207 1834 240
1756 331 1668 313
1668 313 1717 255
1717 255 1684 195
1684 195 1649 207
1649 207 1546 211
1546 211 1552 253
1552 253 1511 144
1511 144 1476 257
1476 257 1389 238
1389 238 1398 187
1389 238 1326 205
1684 195 1727 162
1727 162 1758 214
1684 195 1641 160
1871 409 1978 459
1978 459 2044 457
2044 457 2084 487
2084 487 2113 420
2044 457 2026 387
1581 413 1552 341
1455 434 1443 374
1196 467 1270 416
1046 508 1037 420
1037 420 1093 424
1046 508 943 483
943 483 864 469
864 469 809 510
864 469 916 401
809 860 864 961
864 961 873 1056
640 753 498 829
281 778 318 926
318 926 296 1060
